BytesIn: 8.190144877e+09
BytesOut: 2.95555739e+08
TotalCompressCycles: 3693
TotalPayloads: 3702