CompressorLocks: 0
ItemDrops: 0
PayloadFulls: 1717
TotalCalls: 1985
TotalItems: 1.3277831e+07
TotalLockTime: 9.96532074e+10
TotalSerializationTime: 1.20015879e+11
WriteItemErrors: 0