AllocatedBytes: 7.068441217e+09
Allocations: 1.91362028e+08
FreedBytes: 7.068441084e+09
Frees: 1.91362024e+08
InuseBytes: 133
UntrackedFrees: 0