BytesIn: 1.041941271e+09
BytesOut: 3.6586525e+07
TotalCompressCycles: 430
TotalPayloads: 430