AllocatedBytes: 9.03796779e+08
Allocations: 2.4410022e+07
FreedBytes: 9.03796646e+08
Frees: 2.4410018e+07
InuseBytes: 133
UntrackedFrees: 0